1 2
1 3
2 3
1 4
2 4
3 4
1 5
2 5
3 5
4 5
1 6
2 6
3 6
4 6
1 7
2 7
5 7
6 7
1 8
2 8
5 8
6 8
7 8
1 9
2 9
3 9
4 9
7 9
8 9
1 10
2 10
3 10
4 10
7 10
8 10
1 11
2 11
3 11
9 11
1 12
2 12
4 12
10 12
7 13
8 13
7 14
8 14
13 14
3 15
4 15
11 15
3 16
4 16
12 16
15 16
5 17
6 18
1 19
2 19
6 19
7 19
8 19
18 19
1 20
2 20
5 20
7 20
8 20
17 20
1 21
7 21
8 21
13 21
14 21
20 21
2 22
7 22
8 22
13 22
14 22
19 22
4 23
12 23
16 23
3 24
11 24
15 24
9 25
11 25
10 26
12 26
16 27
23 27
15 28
24 28
6 29
18 29
19 29
5 30
17 30
20 30
15 31
28 31
16 32
27 32
13 33
14 34
17 35
30 35
18 36
29 36
1 37
2 37
3 37
6 37
18 37
1 38
2 38
4 38
5 38
17 38
13 39
14 39
33 39
34 39
13 40
14 40
33 40
34 40
39 40
9 41
10 42
25 43
26 44
1 45
2 45
4 45
9 45
41 45
1 46
2 46
3 46
10 46
42 46
24 47
28 47
31 47
23 48
27 48
32 48
9 49
11 49
24 49
25 49
10 50
12 50
23 50
26 50
1 51
2 51
37 51
1 52
2 52
38 52
11 53
24 53
28 53
47 53
49 53
12 54
23 54
27 54
48 54
50 54
9 55
25 55
43 55
10 56
26 56
44 56
19 57
22 57
29 57
20 58
21 58
30 58
29 59
57 59
30 60
58 60
29 61
36 61
30 62
35 62
43 63
44 64
34 65
39 65
40 65
33 66
39 66
40 66
65 66
13 67
20 67
21 67
33 67
58 67
14 68
19 68
22 68
34 68
57 68
15 69
16 69
31 69
15 70
16 70
32 70
69 70
47 71
48 72
36 73
61 73
35 74
62 74
