0.019723865877712
-0.019723865877712
-0.990981963927856
0.990981963927856
2.8786717752235
-2.8786717752235
-0.131720430107527
0.131720430107527
-3.98965517241379
3.98965517241379
-2.27586206896552
2.27586206896552
0
0
-1.87020648967552
1.87020648967552
4
-4
-2.50684931506849
2.50684931506849
0.472992700729927
-0.472992700729927
2
-2
-4.92737430167598
4.92737430167598
2
-2
-4
4
-2
2
0
0
4
-4
-5.0738255033557
5.0738255033557
0
0
-6
6
-6
6
-6
6
-2
2
-2.03761755485893
2.03761755485893
-8
8
-2
2
-6
6
-3.82266009852217
3.82266009852217
-4
4
-4
4
-6
6
0
0
0.0650406504065041
-0.0650406504065041
-1.7956204379562
1.7956204379562
-2
2
-4
4
